NAICS
713940
445220
722511
722511
722511
722511
238320
541820
446110
236117
722320
722320
236115
236115
561730
114119
621210
621210
238320
624190
722511
722511
621320
621320
561720
238990
722513
None
721110
721110
621420
621420
532111
532111
713940
447110
447190
423610
531210
561730
561730
485310
485320
624190
445310
445310
541320
541320
541320
511120
519130
237310
237310
561730
453998
448190
561499
561720
531311
561790
444220
999990
712110
722511
722511
484121
531210
561730
561730
453310
541110
541410
541410
812199
448120
424330
236115
236115
238910
811111
238320
722513
722513
111998
722511
722511
722511
531210
238990
812112
541990
541810
236220
811111
485310
485999
722511
236115
722511
442299
448120
541310
722410
722410
561740
531311
531312
721110
721110
721191
453220
561730
238990
238320
221118
541921
541921
424490
722511
531210
445310
561710
238140
238350
722511
722511
722511
722511
722513
722511
236115
999990
531210
448110
812990
531311
531311
812112
812112
237210
238320
238320
561730
238320
532310
561730
114111
238320
562998
562998
238320
445299
561730
713930
813410
813410
813410
561990
238350
541320
541320
337110
337110
236220
None
722410
312120
812199
561730
561730
713990
721110
721110
722511
236220
722511
722511
561720
561499
722511
722511
541110
541611
531210
811212
524210
327991
238340
238350
236117
236117
236115
236115
621210
711410
711410
236117
531120
722511
722511
541511
238210
445120
236115
236115
561730
531210
561730
812111
531311
531210
448190
238220
541310
236115
236115
446110
238220
531210
561730
531210
236115
236115
None
722513
722511
519190
812990
441110
541410
561730
238220
541320
722511
541310
923110
561730
561730
561730
541370
541370
321999
238330
236118
561730
484121
722511
722511
531210
238210
238210
238220
541310
487210
454390
541219
541219
448110
531210
238220
561730
561730
238220
238220
238220
238220
721191
721191
561720
713940
713940
236115
621420
236118
236115
561730
721110
813110
813110
722511
713990
722511
531210
238210
561730
721191
722511
541219
722511
453998
531210
236118
453220
453220
445310
236115
561720
453998
561730
561730
423830
236115
238330
541110
441222
236115
236115
236118
339999
713990
236115
531210
722513
561730
561730
713940
813212
531311
561730
561730
524210
541310
541310
722515
236115
236115
238320
454310
454310
441310
532111
711510
561730
561730
236115
561720
485999
722513
811212
441222
237210
722511
812320
812320
722515
722515
238220
453998
453998
561730
562991
722513
561730
561730
532284
722515
561499
531390
453998
442210
621111
621310
561720
561720
238140
236115
443141
561730
561730
561730
423310
441222
237990
238350
484121
448140
448140
453998
531210
531210
448140
448140
236118
722511
311520
561730
236115
811118
236115
238390
238210
238210
531210
531210
621210
621210
448310
448310
561730
561499
236115
722511
722511
561730
238350
531311
531311
531311
238210
561730
531210
541211
238990
812990
561730
448150
448150
531210
238350
453210
711130
238350
238210
999990
811198
811198
None
236116
722511
238210
238140
238220
238220
541990
238210
238220
722511
722511
561730
541410
541410
236115
236115
236118
561730
561730
238990
812111
812111
531210
238320
238320
453998
541110
238350
722511
722511
238320
812990
238130
812199
238220
236115
721110
531210
722511
722511
722511
541519
999990
453220
238330
238990
541990
541618
236118
236115
238220
238220
484110
531311
531311
621340
621340
238210
238340
541490
531311
238220
541310
541310
238220
238220
238320
721110
721191
238140
238140
531210
531210
621210
561730
541320
621210
236115
238220
238190
812990
541213
541213
None
423310
236118
523920
813319
453998
453998
999990
812990
722511
722511
485310
813110
813110
722513
722511
541490
541990
561730
561730
611699
611699
624410
448140
448140
722511
448320
999990
713910
519120
519120
811198
311821
451211
624190
624190
531311
561790
722320
722320
722511
722511
445299
445110
611610
611610
611620
713990
515120
813312
722513
722511
561730
541320
722511
512131
454310
541370
621310
621310
811490
811490
238150
561730
713940
713940
712110
712110
621610
561790
722511
722511
442299
453310
453998
442299
713940
713940
524210
624110
813910
446110
722515
337110
337110
561730
923110
611110
444190
722511
722511
453998
453220
441222
445110
238210
238210
321911
321999
443142
238990
238990
561790
236115
None
532289
532310
561730
813219
712120
722511
722511
515112
722511
722511
722511
722511
812910
812910
424990
424990
327991
541370
813410
111998
532310
532310
442291
541320
561730
722513
722511
424340
561730
238140
238140
541490
236115
611710
611710
561499
624221
531120
541410
541410
236115
236115
722511
236118
236115
238990
238390
238220
238220
454310
238210
999990
236117
236117
721110
721110
541219
311811
445291
722511
722511
444220
561720
484220
562111
622110
238320
541110
238320
621210
621210
453220
236118
531210
531210
448120
238350
531210
561510
453998
721191
541320
448110
453998
561720
561720
722511
722320
722320

238220
541320
722320
238210
722511
722511
424330
561990
561990
238220
236116
236116
541110
532284
722511
722511
236220
236220
624410
624410
444190
423310
812112
812112
445110
541211
238350
238350
236118
238220
238990
561720
423940
811111
236115
236115
236115
238320
238320
561730
561730
238210
238210
531110
238210
424410
424460
238210
238210
561790
531110
562111
812112
541110
445220
445220
561730
561730
327991
327991
531210
541990
236115
722320
238210
236115
813410
721110
721191
541219
541219
611519
238210
236115
236115
531390
236115
531210
531311
722511
721110
722513
722511
722511
722511
812112
812112
451120
541990
624410
624410
238990
453110
424930
813110
722511
541990
722410
481112
531210
813110
813110
813110
238220
722513
722511
531390
236115
236115
236115
561730
561730
238220
621999
238330
236118
722511
722511
238190
238910
813219
561790
713940
713940
111421
424930
722511
722511
531210
561510
561510
561499
611620
453310
453998
236115
236115
238130
238130
721110
999990
722511
722511
999990
811111
811111
236118
813410
923110
236115
722511
722511
541618
541990
561790
561730
624190
722320
722513
445310
541612
541612
541110
541199
999990
512131
712110
712110
722511
722511
813990
448150
448150
711110
238340
423720
713940
721191
711190
531110
236115
236118
237990
238990
532111
532111
336612
336611
623990
624110
541613
621111
541990
621111
238220
238220
236115
541320
541320
236115
238350
238220
541310
238910
238990
114119
114119
236115
531311
722511
722511
722511
722511
236115
453998
236115
541110
541110
722511
722511
561730
561730
None
236115
562991
561990
485999
238220
238220
237310
111421
562119
453998
721191
721191
561730
238220
488330
441222
452319
531311
531311
236115
531311
561790
711110
711110
561730
236115
238210
238390
236115
236115
561730
711320
561730
561730
238340
722511
722511
236115
236115
512199
561990
511120
511110
484110
114112
541921
541921